259.08710801393727 
252.90940766550523 
193.01393728222996 
120.78745644599303 
158.1184668989547 
125.22857142857143 
96.875 
124.19434628975264 
277.7130434782609 
454.1742160278746 
326.0940766550523 
119.65836298932385 
110.97727272727273 
95.34749034749035 
86.81818181818181 
90.5089605734767 
142.49295774647888 
304.9512195121951 
162.94076655052265 
193.00555555555556 
175.7286432160804 
260.83035714285717 
217.52 
169.2439024390244 
169.4346153846154 
173.0064935064935 
166.61111111111111 
177.20238095238096 
393.31060606060606 
272.7121212121212 
237.36986301369862 
162.60627177700349 
222.86062717770034 
193.17421602787456 
307.5226480836237 
256.55052264808364 
197.97560975609755 
198.5191637630662 
196.0836236933798 
194.02090592334494 
194.72822299651568 
176.0801393728223 
176.81184668989548 
183.2439024390244 
186.69686411149826 
186.39721254355402 
207.18118466898954 
188.36933797909407 
191.50522648083623 
170.62717770034843 
189.96864111498257 
180.18815331010452 
177.20905923344947 
173.22299651567945 
176.6411149825784 
174.3275261324042 
176.45296167247386 
180.00696864111498 
178.29268292682926 
188.0801393728223 
177.1184668989547 
178.70731707317074 
179.42160278745644 
169.81881533101046 
170.05226480836237 
174.1114982578397 
174.09407665505228 
179.49128919860627 
176.794425087108 
184.85017421602788 
180.5261324041812 
170.9547038327526 
172.85017421602788 
171.4425087108014 
171.37979094076655 
173.8815331010453 
169.25087108013938 
181.17073170731706 
202.90592334494772 
183.0348432055749 
184.13937282229966 
197.76306620209058 
183.99303135888502 
179.57839721254356 
203.37630662020905 
195.0836236933798 
178.8815331010453 
178.0801393728223 
183.2787456445993 
174.37282229965157 
175.61324041811847 
176.10452961672473 
177.37979094076655 
175.42160278745644 
190.87456445993033 
177.45993031358884 
191.77351916376307 
192.6411149825784 
185.64808362369337 
188.8815331010453 
205.79094076655053 
185.15331010452962 
196.14634146341464 
187.2787456445993 
194.17073170731706 
181.5226480836237 
186.83275261324042 
198.3275261324042 
200.4773519163763 
185.79790940766551 
184.43205574912892 
318.0 
186.10452961672473 
176.57142857142858 
314.63255813953486 
323.2489451476793 
427.8501742160279 
459.18118466898954 
185.61324041811847 
178.31010452961672 
190.97560975609755 
281.89198606271776 
242.40766550522648 
233.4318181818182 
231.14754098360655 
519.0591133004926 
203.96498054474708 
238.4145299145299 
211.8432055749129 
341.0 
292.2787456445993 
170.8397212543554 
318.42160278745644 
142.18118466898954 
137.73282442748092 
369.82229965156796 
234.7396694214876 
125.89340101522842 
157.6934865900383 
215.21810699588477 
