507.5609756097561 
479.70034843205576 
542.7073170731708 
560.9303135888501 
349.5156794425087 
257.2214285714286 
298.74583333333334 
80.48763250883393 
287.53913043478263 
225.49477351916377 
165.40766550522648 
52.718861209964416 
260.31439393939394 
157.3011583011583 
45.45454545454545 
198.48028673835125 
421.443661971831 
439.993031358885 
407.50174216027875 
329.5444444444444 
252.65829145728642 
264.6919642857143 
281.5155555555556 
344.397212543554 
480.6307692307692 
463.0974025974026 
116.16666666666667 
143.70833333333334 
259.07575757575756 
205.07575757575756 
204.08219178082192 
230.7177700348432 
443.74216027874564 
440.5191637630662 
164.10801393728224 
466.0 
433.4703832752613 
428.21254355400697 
440.7212543554007 
425.3937282229965 
429.1184668989547 
410.10104529616723 
416.1637630662021 
410.01742160278746 
411.8397212543554 
405.4843205574913 
404.96515679442507 
401.3937282229965 
399.5365853658537 
392.50174216027875 
402.61672473867594 
393.89547038327527 
389.37630662020905 
388.2752613240418 
381.85714285714283 
382.1184668989547 
377.9268292682927 
372.57491289198606 
370.5156794425087 
368.86759581881535 
360.1567944250871 
355.1707317073171 
357.10801393728224 
349.9477351916376 
348.0383275261324 
346.25435540069685 
346.2229965156794 
338.98606271777004 
335.7142857142857 
333.4076655052265 
334.34843205574913 
326.609756097561 
325.6341463414634 
317.11149825783974 
318.8780487804878 
317.5923344947735 
320.7630662020906 
312.37979094076655 
316.13937282229966 
306.54006968641113 
308.1463414634146 
310.2404181184669 
298.37630662020905 
296.9616724738676 
289.411149825784 
285.588850174216 
282.79094076655053 
281.219512195122 
275.66898954703834 
280.801393728223 
277.2439024390244 
273.1463414634146 
265.7979094076655 
263.2926829268293 
264.61672473867594 
260.5679442508711 
263.57142857142856 
258.5156794425087 
255.6794425087108 
249.22996515679444 
245.85017421602788 
247.3170731707317 
244.32404181184668 
242.10801393728224 
235.34843205574913 
227.9163763066202 
232.84668989547038 
233.30662020905925 
222.9651567944251 
226.34494773519162 
218.05923344947735 
159.53658536585365 
214.93379790940767 
211.54703832752614 
267.07906976744187 
161.9704641350211 
315.94425087108016 
337.397212543554 
202.44599303135888 
204.65156794425087 
169.8885017421603 
141.14285714285714 
125.34843205574913 
120.01704545454545 
343.4344262295082 
253.60591133004925 
319.80155642023345 
527.3247863247864 
108.36236933797909 
170.28571428571428 
206.7212543554007 
279.0522648083624 
476.1149825783972 
410.602787456446 
252.63740458015266 
252.42508710801394 
299.02479338842977 
284.6395939086294 
516.3639846743295 
270.10699588477365 
