256 
44 
189 
54 
78 
77 
42 
122 
42 
374 
268 
64 
66 
48 
61 
42 
166 
57 
42 
43 
118 
63 
46 
59 
86 
57 
78 
62 
43 
191 
111 
45 
190 
150 
523 
239 
177 
158 
65 
193 
184 
173 
173 
170 
175 
178 
200 
164 
184 
162 
169 
166 
167 
162 
165 
163 
168 
173 
167 
179 
174 
172 
164 
158 
162 
165 
165 
170 
161 
180 
168 
163 
167 
167 
162 
161 
160 
124 
196 
175 
170 
187 
170 
168 
385 
185 
350 
172 
172 
160 
164 
166 
169 
167 
178 
163 
180 
168 
174 
172 
185 
169 
173 
171 
262 
148 
42 
180 
275 
172 
147 
304 
177 
152 
448 
52 
604 
639 
566 
166 
42 
266 
222 
48 
50 
158 
94 
95 
199 
275 
242 
598 
289 
45 
43 
302 
42 
47 
103 
97 
