511 
21 
545 
24 
38 
28 
20 
44 
20 
186 
133 
31 
32 
23 
28 
20 
82 
24 
20 
20 
58 
30 
20 
26 
38 
27 
38 
26 
20 
87 
44 
20 
446 
426 
260 
473 
438 
422 
30 
442 
430 
426 
423 
421 
420 
410 
414 
406 
405 
402 
406 
401 
396 
389 
388 
384 
381 
379 
374 
369 
370 
363 
362 
359 
359 
351 
350 
346 
344 
335 
340 
336 
332 
323 
326 
323 
320 
59 
312 
312 
310 
322 
302 
300 
180 
290 
170 
289 
280 
278 
279 
275 
268 
267 
262 
263 
264 
257 
252 
252 
242 
245 
242 
239 
126 
223 
20 
232 
136 
225 
216 
151 
216 
215 
222 
25 
199 
185 
180 
209 
20 
132 
110 
23 
24 
78 
46 
46 
98 
136 
120 
205 
495 
21 
20 
150 
20 
22 
50 
41 
