259 
296 
192 
159 
78 
238 
97 
151 
42 
398 
313 
90 
66 
95 
61 
42 
338 
639 
50 
47 
118 
207 
62 
529 
86 
57 
78 
153 
43 
191 
111 
51 
263 
219 
528 
275 
231 
219 
65 
221 
233 
219 
194 
203 
215 
202 
221 
194 
209 
183 
227 
202 
192 
192 
192 
198 
191 
202 
196 
205 
197 
189 
192 
185 
186 
185 
186 
190 
182 
194 
184 
181 
192 
179 
181 
181 
185 
124 
209 
202 
196 
205 
194 
195 
392 
198 
350 
189 
192 
182 
187 
181 
185 
189 
192 
184 
209 
211 
203 
196 
222 
199 
211 
208 
262 
195 
42 
219 
275 
204 
195 
331 
208 
192 
448 
61 
604 
639 
566 
193 
42 
284 
228 
159 
102 
299 
117 
126 
227 
279 
270 
598 
326 
177 
43 
302 
42 
47 
103 
108 
