510 
21 
543 
24 
38 
27 
20 
54 
20 
198 
155 
44 
32 
46 
28 
20 
82 
28 
20 
20 
58 
100 
20 
260 
38 
27 
38 
26 
20 
87 
44 
24 
474 
452 
263 
476 
454 
450 
30 
448 
446 
446 
421 
422 
428 
417 
421 
410 
410 
400 
424 
405 
396 
393 
392 
386 
384 
382 
378 
374 
371 
364 
361 
357 
355 
349 
347 
343 
339 
335 
336 
333 
329 
321 
320 
318 
318 
59 
314 
308 
310 
322 
302 
297 
180 
290 
170 
287 
278 
276 
277 
272 
268 
262 
262 
258 
268 
259 
258 
254 
252 
252 
248 
244 
126 
233 
20 
237 
136 
232 
223 
164 
218 
215 
222 
29 
199 
185 
180 
209 
20 
141 
113 
78 
24 
148 
46 
46 
112 
138 
134 
205 
476 
21 
20 
150 
20 
22 
50 
48 
